0 1
1 2
2 3
3 4
4 5
5 6
6 7
7 8
8 9
9 10
10 11
11 12
12 13
13 14
14 15
15 16
16 17
17 18
18 19
9 20
11 21
8 22
12 23
8 24
12 25
7 26
13 27
7 28
13 29
7 30
13 31
6 32
14 33
6 34
14 35
6 36
14 37
6 38
14 39
5 40
15 41
5 42
15 43
5 44
15 45
5 46
15 47
5 48
15 49
4 50
16 51
4 52
16 53
4 54
16 55
4 56
16 57
4 58
16 59
4 60
16 61
3 62
17 63
3 64
17 65
3 66
17 67
3 68
17 69
3 70
17 71
3 72
17 73
3 74
17 75
2 76
18 77
2 78
18 79
2 80
18 81
2 82
18 83
2 84
18 85
2 86
18 87
2 88
18 89
2 90
18 91
1 92
19 93
1 94
19 95
1 96
19 97
1 98
19 99
1 100
19 101
1 102
19 103
1 104
19 105
1 106
19 107
1 108
19 109
