0 1
1 2
2 3
3 4
4 5
5 6
6 7
7 8
8 9
9 10
10 11
11 12
12 13
13 14
14 15
15 16
16 17
17 18
18 19
19 20
20 21
21 22
22 23
23 24
11 25
13 26
10 27
14 28
10 29
14 30
9 31
15 32
9 33
15 34
9 35
15 36
8 37
16 38
8 39
16 40
8 41
16 42
8 43
16 44
7 45
17 46
7 47
17 48
7 49
17 50
7 51
17 52
7 53
17 54
6 55
18 56
6 57
18 58
6 59
18 60
6 61
18 62
6 63
18 64
6 65
18 66
5 67
19 68
5 69
19 70
5 71
19 72
5 73
19 74
5 75
19 76
5 77
19 78
5 79
19 80
4 81
20 82
4 83
20 84
4 85
20 86
4 87
20 88
4 89
20 90
4 91
20 92
4 93
20 94
4 95
20 96
3 97
21 98
3 99
21 100
3 101
21 102
3 103
21 104
3 105
21 106
3 107
21 108
3 109
21 110
3 111
21 112
3 113
21 114
2 115
22 116
2 117
22 118
2 119
22 120
2 121
22 122
2 123
22 124
2 125
22 126
2 127
22 128
2 129
22 130
2 131
22 132
2 133
22 134
1 135
23 136
1 137
23 138
1 139
23 140
1 141
23 142
1 143
23 144
1 145
23 146
1 147
23 148
1 149
23 150
1 151
23 152
1 153
23 154
1 155
23 156
24 157
24 158
24 159
24 160
24 161
24 162
24 163
24 164
24 165
24 166
24 167
24 168
24 169
