0 1
1 2
2 3
3 4
4 5
5 6
6 7
7 8
8 9
9 10
10 11
11 12
12 13
13 14
14 15
15 16
16 17
17 18
18 19
19 20
20 21
21 22
22 23
23 24
24 25
25 26
26 27
27 28
28 29
14 30
16 31
13 32
17 33
13 34
17 35
12 36
18 37
12 38
18 39
12 40
18 41
11 42
19 43
11 44
19 45
11 46
19 47
11 48
19 49
10 50
20 51
10 52
20 53
10 54
20 55
10 56
20 57
10 58
20 59
9 60
21 61
9 62
21 63
9 64
21 65
9 66
21 67
9 68
21 69
9 70
21 71
8 72
22 73
8 74
22 75
8 76
22 77
8 78
22 79
8 80
22 81
8 82
22 83
8 84
22 85
7 86
23 87
7 88
23 89
7 90
23 91
7 92
23 93
7 94
23 95
7 96
23 97
7 98
23 99
7 100
23 101
6 102
24 103
6 104
24 105
6 106
24 107
6 108
24 109
6 110
24 111
6 112
24 113
6 114
24 115
6 116
24 117
6 118
24 119
5 120
25 121
5 122
25 123
5 124
25 125
5 126
25 127
5 128
25 129
5 130
25 131
5 132
25 133
5 134
25 135
5 136
25 137
5 138
25 139
4 140
26 141
4 142
26 143
4 144
26 145
4 146
26 147
4 148
26 149
4 150
26 151
4 152
26 153
4 154
26 155
4 156
26 157
4 158
26 159
4 160
26 161
3 162
27 163
3 164
27 165
3 166
27 167
3 168
27 169
3 170
27 171
3 172
27 173
3 174
27 175
3 176
27 177
3 178
27 179
3 180
27 181
3 182
27 183
3 184
27 185
2 186
28 187
2 188
28 189
2 190
28 191
2 192
28 193
2 194
28 195
2 196
28 197
2 198
28 199
2 200
28 201
2 202
28 203
2 204
28 205
2 206
28 207
2 208
28 209
2 210
28 211
1 212
29 213
1 214
29 215
1 216
29 217
1 218
29 219
1 220
29 221
1 222
29 223
1 224
29 225
1 226
29 227
1 228
29 229
1 230
29 231
1 232
29 233
1 234
29 235
1 236
29 237
1 238
29 239
