0 1
1 2
2 3
3 4
4 5
5 6
6 7
7 8
8 9
9 10
10 11
11 12
12 13
13 14
14 15
15 16
16 17
17 18
18 19
19 20
20 21
21 22
22 23
23 24
24 25
25 26
26 27
27 28
28 29
29 30
30 31
31 32
32 33
33 34
34 35
35 36
36 37
37 38
38 39
39 40
40 41
41 42
42 43
43 44
44 45
45 46
46 47
47 48
48 49
24 50
26 51
23 52
27 53
23 54
27 55
22 56
28 57
22 58
28 59
22 60
28 61
21 62
29 63
21 64
29 65
21 66
29 67
21 68
29 69
20 70
30 71
20 72
30 73
20 74
30 75
20 76
30 77
20 78
30 79
19 80
31 81
19 82
31 83
19 84
31 85
19 86
31 87
19 88
31 89
19 90
31 91
18 92
32 93
18 94
32 95
18 96
32 97
18 98
32 99
18 100
32 101
18 102
32 103
18 104
32 105
17 106
33 107
17 108
33 109
17 110
33 111
17 112
33 113
17 114
33 115
17 116
33 117
17 118
33 119
17 120
33 121
16 122
34 123
16 124
34 125
16 126
34 127
16 128
34 129
16 130
34 131
16 132
34 133
16 134
34 135
16 136
34 137
16 138
34 139
15 140
35 141
15 142
35 143
15 144
35 145
15 146
35 147
15 148
35 149
15 150
35 151
15 152
35 153
15 154
35 155
15 156
35 157
15 158
35 159
14 160
36 161
14 162
36 163
14 164
36 165
14 166
36 167
14 168
36 169
14 170
36 171
14 172
36 173
14 174
36 175
14 176
36 177
14 178
36 179
14 180
36 181
13 182
37 183
13 184
37 185
13 186
37 187
13 188
37 189
13 190
37 191
13 192
37 193
13 194
37 195
13 196
37 197
13 198
37 199
13 200
37 201
13 202
37 203
13 204
37 205
12 206
38 207
12 208
38 209
12 210
38 211
12 212
38 213
12 214
38 215
12 216
38 217
12 218
38 219
12 220
38 221
12 222
38 223
12 224
38 225
12 226
38 227
12 228
38 229
12 230
38 231
11 232
39 233
11 234
39 235
11 236
39 237
11 238
39 239
11 240
39 241
11 242
39 243
11 244
39 245
11 246
39 247
11 248
39 249
11 250
39 251
11 252
39 253
11 254
39 255
11 256
39 257
11 258
39 259
10 260
40 261
10 262
40 263
10 264
40 265
10 266
40 267
10 268
40 269
10 270
40 271
10 272
40 273
10 274
40 275
10 276
40 277
10 278
40 279
10 280
40 281
10 282
40 283
10 284
40 285
10 286
40 287
10 288
40 289
9 290
41 291
9 292
41 293
9 294
41 295
9 296
41 297
9 298
41 299
9 300
41 301
9 302
41 303
9 304
41 305
9 306
41 307
9 308
41 309
9 310
41 311
9 312
41 313
9 314
41 315
9 316
41 317
9 318
41 319
9 320
41 321
8 322
42 323
8 324
42 325
8 326
42 327
8 328
42 329
8 330
42 331
8 332
42 333
8 334
42 335
8 336
42 337
8 338
42 339
8 340
42 341
8 342
42 343
8 344
42 345
8 346
42 347
8 348
42 349
8 350
42 351
8 352
42 353
8 354
42 355
7 356
43 357
7 358
43 359
7 360
43 361
7 362
43 363
7 364
43 365
7 366
43 367
7 368
43 369
7 370
43 371
7 372
43 373
7 374
43 375
7 376
43 377
7 378
43 379
7 380
43 381
7 382
43 383
7 384
43 385
7 386
43 387
7 388
43 389
7 390
43 391
6 392
44 393
6 394
44 395
6 396
44 397
6 398
44 399
6 400
44 401
6 402
44 403
6 404
44 405
6 406
44 407
6 408
44 409
6 410
44 411
6 412
44 413
6 414
44 415
6 416
44 417
6 418
44 419
6 420
44 421
6 422
44 423
6 424
44 425
6 426
44 427
6 428
44 429
5 430
45 431
5 432
45 433
5 434
45 435
5 436
45 437
5 438
45 439
5 440
45 441
5 442
45 443
5 444
45 445
5 446
45 447
5 448
45 449
5 450
45 451
5 452
45 453
5 454
45 455
5 456
45 457
5 458
45 459
5 460
45 461
5 462
45 463
5 464
45 465
5 466
45 467
5 468
45 469
4 470
46 471
4 472
46 473
4 474
46 475
4 476
46 477
4 478
46 479
4 480
46 481
4 482
46 483
4 484
46 485
4 486
46 487
4 488
46 489
4 490
46 491
4 492
46 493
4 494
46 495
4 496
46 497
4 498
46 499
4 500
46 501
4 502
46 503
4 504
46 505
4 506
46 507
4 508
46 509
4 510
46 511
3 512
47 513
3 514
47 515
3 516
47 517
3 518
47 519
3 520
47 521
3 522
47 523
3 524
47 525
3 526
47 527
3 528
47 529
3 530
47 531
3 532
47 533
3 534
47 535
3 536
47 537
3 538
47 539
3 540
47 541
3 542
47 543
3 544
47 545
3 546
47 547
3 548
47 549
3 550
47 551
3 552
47 553
3 554
47 555
2 556
48 557
2 558
48 559
2 560
48 561
2 562
48 563
2 564
48 565
2 566
48 567
2 568
48 569
2 570
48 571
2 572
48 573
2 574
48 575
2 576
48 577
2 578
48 579
2 580
48 581
2 582
48 583
2 584
48 585
2 586
48 587
2 588
48 589
2 590
48 591
2 592
48 593
2 594
48 595
2 596
48 597
2 598
48 599
2 600
48 601
1 602
49 603
1 604
49 605
1 606
49 607
1 608
49 609
1 610
49 611
1 612
49 613
1 614
49 615
1 616
49 617
1 618
49 619
1 620
49 621
1 622
49 623
1 624
49 625
1 626
49 627
1 628
49 629
1 630
49 631
1 632
49 633
1 634
49 635
1 636
49 637
1 638
49 639
1 640
49 641
1 642
49 643
1 644
49 645
1 646
49 647
1 648
49 649
